1 1.000000 -initial
2 2.000000
3 3.000000
4 4.000000
5 5.000000
6 6.000000
7 7.000000
8 8.000000
9 9.000000
10 10.000000
11 11.000000
12 12.000000
13 13.000000
14 14.000000
15 15.000000
16 16.000000
17 17.000000
18 18.000000
19 19.000000
20 20.000000
21 21.000000
22 22.000000
23 23.000000
24 24.000000
25 25.000000
26 26.000000
27 27.000000
28 28.000000
29 29.000000
30 30.000000
31 31.000000
32 32.000000
33 33.000000
34 34.000000
35 35.000000
36 36.000000
37 37.000000
38 38.000000
39 39.000000
40 40.000000
41 41.000000
42 42.000000
43 43.000000
44 44.000000
45 45.000000
46 46.000000
47 47.000000
48 48.000000
49 49.000000
50 50.000000
51 51.000000
52 52.000000
53 53.000000
54 54.000000
55 55.000000
56 56.000000
57 57.000000
58 58.000000
59 59.000000
60 60.000000
61 61.000000
62 62.000000
63 63.000000
64 64.000000
65 65.000000
66 66.000000
67 67.000000
68 68.000000
69 69.000000
70 70.000000
71 71.000000
72 72.000000
73 73.000000
74 74.000000
75 75.000000
76 76.000000
77 77.000000
78 78.000000
79 79.000000
80 80.000000
81 81.000000
82 82.000000
83 83.000000
84 84.000000
85 85.000000
86 86.000000
87 87.000000
88 88.000000
89 89.000000
90 90.000000
91 91.000000
92 92.000000
93 93.000000
94 94.000000
95 95.000000
96 96.000000
97 97.000000
98 98.000000
99 19.600000
100 3.920000
101 4.920000
102 5.920000
103 6.920000
104 7.920000
105 1.584000
106 2.584000
107 3.584000
108 3.863018
109 4.121883
110 4.364490
111 4.593612
112 4.811306
113 5.019150
114 5.218387
115 5.410017
116 5.594859
117 5.773594
118 5.946797
119 6.114955
120 6.278488
121 6.437762
122 6.593096
123 6.744769
124 6.893032
125 7.038106
126 7.180190
127 7.319462
128 7.456084
129 7.590203
130 7.721952
131 7.851453
132 7.978818
133 8.104149
134 8.227543
135 8.349086
136 8.468860
137 8.586939
138 8.703395
139 8.818293
140 8.931694
141 9.043654
142 9.154229
143 9.263468
144 9.371419
145 9.478127
146 9.583633
147 9.687977
148 9.791198
149 9.893331
150 9.994409
151 10.094465
152 10.193529
153 10.291630
154 10.388797
155 10.485054
156 10.580428
157 10.674942
158 10.768620
159 10.861482
160 10.953550
161 11.044845
162 11.135385
163 11.225189
164 11.314274
165 2.262855
166 3.262855
167 4.262855
168 5.262855
169 5.452866
170 5.636256
171 5.813678
172 5.985686
173 6.152752
174 6.315281
175 6.473627
176 6.628100
177 6.778972
178 6.926487
179 7.070861
180 7.212286
181 7.350939
182 7.486976
183 7.620541
184 7.751765
185 7.880768
186 8.007659
187 8.132540
188 8.255502
189 8.376634
190 8.496013
191 8.613716
192 8.729810
193 8.844360
194 8.957426
195 9.069065
196 9.179330
197 9.288271
198 9.395933
199 9.502362
200 9.607599
201 9.711684
202 9.814652
203 9.916541
204 10.017382
205 10.117209
206 10.216050
207 10.313936
208 10.410892
209 10.506945
210 10.602120
211 10.696441
212 10.789930
213 10.882609
214 10.974499
215 11.065619
216 11.155989
217 11.245627
218 11.334550
219 11.422776
220 11.510321
221 11.597199
222 11.683427
223 11.769018
224 11.853987
225 11.938347
226 12.022111
227 12.105291
228 12.187899
229 12.269948
230 12.351448
231 12.432410
232 12.512845
233 12.592763
234 12.672173
235 12.751086
236 12.829511
237 12.907456
238 12.984931
239 13.061943
240 13.138502
241 13.214614
242 13.290288
243 13.365531
244 13.440350
245 13.514753
246 13.588746
247 13.662336
248 13.735530
249 13.808334
250 13.880754
251 13.952796
252 14.024467
253 14.095770
254 14.166714
255 14.237302
256 14.307540
257 14.377433
258 14.446986
259 14.516205
260 14.585094
261 14.653657
262 14.721899
263 14.789825
264 14.857439
265 14.924745
266 14.991748
267 15.058452
268 15.124860
269 15.190976
270 15.256804
271 15.322349
272 15.387613
273 15.452600
274 15.517314
275 15.581759
276 15.645936
277 15.709851
278 15.773505
279 15.836902
280 15.900046
281 15.962939
282 16.025584
283 16.087984
284 16.150142
285 16.212061
286 16.273744
287 16.335193
288 16.396410
289 16.457399
290 16.518162
291 16.578701
292 16.639020
293 16.699119
294 16.759003
295 16.818672
296 16.878130
297 16.937378
298 16.996419
299 17.055255
300 17.113888
301 17.172320
302 17.230553
303 17.288590
304 17.346432
305 17.404080
306 17.461538
307 17.518807
308 17.575888
309 17.632784
310 17.689497
311 17.746028
312 17.802378
313 17.858551
314 17.914546
315 17.970367
316 18.026014
317 18.081489
318 18.136794
319 18.191931
320 18.246900
321 18.301704
322 18.356344
323 18.410821
324 18.465137
325 18.519293
326 18.573291
327 18.627132
328 18.680817
329 18.734348
330 18.787725
331 18.840952
332 18.894028
333 18.946954
334 18.999733
335 19.052366
336 19.104852
337 19.157195
338 19.209395
339 19.261453
340 19.313370
341 19.365148
342 19.416787
343 19.468289
344 19.519654
345 19.570885
346 19.621981
347 19.672944
348 19.723775
349 19.774476
350 19.825046
351 19.875487
352 19.925800
353 19.975986
354 20.026047
355 20.075982
356 20.125792
357 20.175480
358 20.225045
359 20.274489
360 20.323812
361 20.373015
362 20.422100
363 20.471066
364 20.519916
365 20.568649
366 20.617266
367 20.665769
368 20.714159
369 20.762435
370 20.810599
371 20.858651
372 20.906593
373 20.954425
374 21.002147
375 21.049761
376 21.097268
377 21.144667
378 21.191961
379 21.239148
380 21.286231
381 21.333210
382 21.380085
383 21.426858
384 21.473528
385 21.520097
386 21.566565
387 21.612933
388 21.659202
389 21.705372
390 21.751443
391 21.797417
392 21.843294
393 21.889075
394 21.934760
395 21.980349
396 22.025845
397 22.071246
398 22.116554
399 22.161769
400 22.206891
401 22.251922
402 22.296862
403 22.341712
404 22.386471
405 22.431141
406 22.475722
407 22.520214
408 22.564619
409 22.608936
410 22.653166
411 22.697310
412 22.741368
413 22.785341
414 22.829229
415 22.873032
416 22.916752
417 22.960388
418 23.003941
419 23.047412
420 23.090801
421 23.134108
422 23.177335
423 23.220480
424 23.263546
425 23.306531
426 23.349438
427 23.392265
428 23.435015
429 23.477686
430 23.520279
431 23.562796
432 23.605236
433 23.647599
434 23.689887
435 23.732099
436 23.774236
437 23.816298
438 23.858286
439 23.900200
440 23.942041
441 23.983809
442 24.025503
443 24.067126
444 24.108676
445 24.150155
446 24.191563
447 24.232899
448 24.274166
449 24.315362
450 24.356488
451 24.397545
452 24.438533
453 24.479452
454 24.520302
455 24.561085
456 24.601799
457 24.642447
458 24.683027
459 24.723541
460 24.763988
461 24.804369
462 24.844685
463 24.884935
464 24.925120
465 24.965240
466 25.005296
467 25.045287
468 25.085215
469 25.125079
470 25.164880
471 25.204618
472 25.244293
473 25.283906
474 25.323457
475 25.362946
476 25.402374
477 25.441740
478 25.481046
479 25.520290
480 25.559475
481 25.598599
482 25.637664
483 25.676669
484 25.715615
485 25.754502
486 25.793330
487 25.832100
488 25.870811
489 25.909465
490 25.948061
491 25.986599
492 26.025081
493 26.063505
494 26.101873
495 26.140184
496 26.178440
497 26.216639
498 26.254783
499 26.292871
500 26.330904
501 26.368882
502 26.406806
503 26.444675
504 26.482490
505 26.520250
506 26.557957
507 26.595611
508 26.633211
509 26.670758
510 26.708253
511 26.745694
512 26.783083
513 26.820420
514 26.857705
515 26.894939
516 26.932120
517 26.969251
518 27.006330
519 27.043358
520 27.080336
521 27.117263
522 27.154140
523 27.190967
524 27.227744
525 27.264471
526 27.301149
527 27.337777
528 27.374357
529 27.410887
530 27.447369
531 27.483802
532 27.520188
533 27.556524
534 27.592814
535 27.629055
536 27.665249
537 27.701395
538 27.737494
539 27.773547
540 27.809552
541 27.845511
542 27.881423
543 27.917290
544 27.953110
545 27.988884
546 28.024612
547 28.060295
548 28.095933
549 28.131525
550 28.167072
551 28.202575
552 28.238033
553 28.273446
554 28.308815
555 28.344139
556 28.379420
557 28.414657
558 28.449850
559 28.485000
560 28.520106
561 28.555169
562 28.590189
563 28.625166
564 28.660100
565 28.694992
566 28.729841
567 28.764648
568 28.799413
569 28.834136
570 28.868817
571 28.903456
572 28.938054
573 28.972611
574 29.007126
575 29.041601
576 29.076034
577 29.110427
578 29.144778
579 29.179090
580 29.213361
581 29.247592
582 29.281783
583 29.315934
584 29.350045
585 29.384116
586 29.418148
587 29.452141
588 29.486094
589 29.520009
590 29.553884
591 29.587721
592 29.621518
593 29.655278
594 29.688998
595 29.722681
596 29.756325
597 29.789932
598 29.823500
599 29.857031
600 29.890523
601 29.923979
602 29.957397
603 29.990778
604 30.024121
605 30.057428
606 30.090697
607 30.123930
608 30.157126
609 30.190286
610 30.223409
611 30.256496
612 30.289547
613 30.322562
614 30.355540
615 30.388483
616 30.421391
617 30.454262
618 30.487098
619 30.519899
620 30.552665
621 30.585395
622 30.618090
623 30.650751
624 30.683376
625 30.715967
626 30.748524
627 30.781046
628 30.813533
629 30.845986
630 30.878405
631 30.910791
632 30.943142
633 30.975459
634 31.007743
635 31.039993
636 31.072209
637 31.104392
638 31.136542
639 31.168659
640 31.200742
641 31.232793
642 31.264810
643 31.296795
644 31.328747
645 31.360667
646 31.392554
647 31.424409
648 31.456231
649 31.488021
650 31.519779
651 31.551506
652 31.583200
653 31.614862
654 31.646493
655 31.678092
656 31.709659
657 31.741196
658 31.772700
659 31.804174
660 31.835616
661 31.867028
662 31.898408
663 31.929758
664 31.961076
665 31.992364
666 32.023622
667 32.054849
668 32.086045
669 32.117212
670 32.148348
671 32.179453
672 32.210529
673 32.241575
674 32.272591
675 32.303577
676 32.334533
677 32.365460
678 32.396357
679 32.427225
680 32.458063
681 32.488872
682 32.519652
683 32.550402
684 32.581124
685 32.611816
686 32.642480
687 32.673115
688 32.703721
689 32.734299
690 32.764848
691 32.795368
692 32.825860
693 32.856324
694 32.886760
695 32.917167
696 32.947546
697 32.977898
698 33.008221
699 33.038517
700 33.068784
701 33.099024
702 33.129237
703 33.159421
704 33.189579
705 33.219709
706 33.249811
707 33.279887
708 33.309935
709 33.339956
710 33.369950
711 33.399917
712 33.429857
713 33.459771
714 33.489657
715 33.519517
716 33.549351
717 33.579157
718 33.608938
719 33.638692
720 33.668419
721 33.698121
722 33.727796
723 33.757445
724 33.787068
725 33.816666
726 33.846237
727 33.875782
728 33.905302
729 33.934796
730 33.964264
731 33.993707
732 34.023124
733 34.052516
734 34.081882
735 34.111223
736 34.140539
737 34.169830
738 34.199095
739 34.228336
740 34.257551
741 34.286742
742 34.315908
743 34.345049
744 34.374165
745 34.403257
746 34.432324
747 34.461366
748 34.490384
749 34.519378
750 34.548347
751 34.577292
752 34.606213
753 34.635109
754 34.663982
755 34.692830
756 34.721654
757 34.750455
758 34.779232
759 34.807984
760 34.836713
761 34.865419
762 34.894100
763 34.922759
764 34.951393
765 34.980004
766 35.008592
767 35.037157
768 35.065698
769 35.094216
770 35.122710
771 35.151182
772 35.179630
773 35.208056
774 35.236459
775 35.264838
776 35.293195
777 35.321529
778 35.349841
779 35.378129
780 35.406395
781 35.434639
782 35.462860
783 35.491058
784 35.519234
785 35.547388
786 35.575520
787 35.603629
788 35.631716
789 35.659781
790 35.687823
791 35.715844
792 35.743843
793 35.771820
794 35.799775
795 35.827708
796 35.855619
797 35.883509
798 35.911377
799 35.939223
800 35.967048
801 35.994851
802 36.022633
803 36.050393
804 36.078132
805 36.105850
806 36.133546
807 36.161221
808 36.188875
809 36.216508
810 36.244120
811 36.271710
812 36.299280
813 36.326829
814 36.354357
815 36.381864
816 36.409350
817 7.281870
818 1.456374
819 2.456374
820 3.456374
821 3.745695
822 4.012668
823 1.000000
824 2.000000
825 2.500000
826 2.900000
827 3.244828
828 3.553010
829 3.834462
830 4.095255
831 4.339440
832 4.569884
833 4.788708
834 4.997533
835 5.197631
836 5.390027
837 5.575555
838 5.754909
839 5.928674
840 6.097345
841 6.261351
842 6.421061
843 6.576799
844 6.728848
845 6.877462
846 7.022865
847 7.165257
848 7.304819
849 7.441715
850 7.576093
851 7.708087
852 7.837821
853 7.965407
854 8.090950
855 8.214545
856 8.336280
857 8.456238
858 8.574494
859 8.691119
860 8.806179
861 8.919735
862 9.031846
863 9.142565
864 9.251944
865 9.360029
866 9.466867
867 9.572498
868 9.676964
869 9.780302
870 9.882549
871 9.983737
872 10.083900
873 10.183068
874 10.281270
875 10.378535
876 10.474887
877 10.570354
878 10.664958
879 10.758723
880 10.851671
881 10.943822
882 11.035198
883 11.125817
884 11.215698
885 11.304859
886 11.393317
887 11.481087
888 11.568187
889 11.654631
890 11.740434
891 11.825610
892 11.910172
893 11.994134
894 12.077508
895 12.160306
896 12.242541
897 12.324224
898 12.405365
899 12.485975
900 12.566065
901 12.645644
902 12.724723
903 12.803310
904 12.881415
905 12.959046
906 13.036212
907 13.112921
908 13.189182
909 13.265002
910 13.340388
911 13.415349
912 13.489890
913 13.564020
914 13.637744
915 13.711070
916 13.784004
917 13.856552
918 13.928720
919 14.000514
920 14.071940
921 14.143003
922 14.213709
923 14.284064
924 14.354072
925 14.423739
926 14.493069
927 14.562067
928 14.630739
929 14.699088
930 14.767120
931 14.834838
932 14.902247
933 14.969351
934 15.036154
935 15.102660
936 15.168874
937 15.234798
938 15.300437
939 15.365795
940 15.430874
941 15.495680
942 15.560214
943 15.624480
944 15.688482
945 15.752223
946 15.815706
947 15.878935
948 15.941911
949 16.004639
950 16.067121
951 16.129360
952 16.191359
953 16.253120
954 16.314647
955 16.375941
956 16.437006
957 16.497845
958 16.558459
959 16.618851
960 16.679023
961 16.738979
962 16.798720
963 16.858248
964 16.917566
965 16.976676
966 17.035581
967 17.094281
968 17.152780
969 17.211080
970 17.269182
971 17.327089
972 17.384802
973 17.442323
974 17.499655
975 17.556799
976 17.613757
977 17.670531
978 17.727122
979 17.783533
980 17.839765
981 17.895819
982 17.951698
983 18.007403
984 18.062936
985 18.118298
986 18.173491
987 18.228516
988 18.283375
989 18.338070
990 18.392601
991 18.446971
992 18.501180
993 18.555231
994 18.609124
995 18.662861
996 18.716443
997 18.769872
998 18.823149
999 18.876275
1000 18.929252
1001 18.982080
1002 19.034761
1003 19.087297
1004 19.139688
1005 19.191935
1006 19.244040
1007 19.296005
1008 19.347829
1009 19.399514
1010 19.451062
1011 19.502473
1012 19.553749
1013 19.604890
1014 19.655897
1015 19.706773
1016 19.757517
1017 19.808130
1018 19.858615
1019 19.908971
1020 19.959199
1021 20.009301
1022 20.059278
1023 20.109130
1024 20.158859
1025 20.208465
1026 20.257949
1027 20.307313
1028 20.356556
1029 20.405680
1030 20.454686
1031 20.503575
1032 20.552347
1033 20.601003
1034 20.649544
1035 20.697971
1036 20.746285
1037 20.794487
1038 20.842576
1039 20.890555
1040 20.938424
1041 20.986183
1042 21.033833
1043 21.081376
1044 21.128811
1045 21.176140
1046 21.223363
1047 21.270480
1048 21.317494
1049 21.364404
1050 21.411211
1051 21.457915
1052 21.504518
1053 21.551020
1054 21.597421
1055 21.643723
1056 21.689926
1057 21.736030
1058 21.782037
1059 21.827946
1060 21.873759
1061 21.919476
1062 21.965097
1063 22.010624
1064 22.056057
1065 22.101396
1066 22.146642
1067 22.191795
1068 22.236857
1069 22.281827
1070 22.326707
1071 22.371497
1072 22.416196
1073 22.460807
1074 22.505329
1075 22.549763
1076 22.594109
1077 22.638368
1078 22.682541
1079 22.726628
1080 22.770629
1081 22.814546
1082 22.858377
1083 22.902125
1084 22.945789
1085 22.989370
1086 23.032868
1087 23.076284
1088 23.119619
1089 23.162872
1090 23.206045
1091 23.249137
1092 23.292149
1093 23.335082
1094 23.377936
1095 23.420712
1096 23.463409
1097 23.506028
1098 23.548571
1099 23.591036
1100 23.633425
1101 23.675738
1102 23.717975
1103 23.760138
1104 23.802225
1105 23.844238
1106 23.886177
1107 23.928042
1108 23.969834
1109 24.011553
1110 24.053199
1111 24.094774
1112 24.136277
1113 24.177708
1114 24.219069
1115 24.260358
1116 24.301578
1117 24.342727
1118 24.383807
1119 24.424818
1120 24.465760
1121 24.506634
1122 24.547439
1123 24.588176
1124 24.628846
1125 24.669449
1126 24.709985
1127 24.750455
1128 24.790858
1129 24.831195
1130 24.871467
1131 24.911674
1132 24.951816
1133 24.991893
1134 25.031906
1135 25.071855
1136 25.111740
1137 25.151562
1138 25.191321
1139 25.231018
1140 25.270651
1141 25.310223
1142 25.349733
1143 25.389181
1144 25.428568
1145 25.467894
1146 25.507159
1147 25.546363
1148 25.585508
